teacher
1810th101332f4a200a358393ff177e1a1739a017
1810th101332f4a200a358393ff177e1a1739a018
1810th101332f4a200a358393ff177e1a1739a019
1810th101332f4a200a358393ff177e1a1739a020
1810th101332f4a200a358393ff177e1a1739a021
1810th101332f4a200a358393ff177e1a1739a022
1810th101332f4a200a358393ff177e1a1739a023
1810th101332f4a200a358393ff177e1a1739a024
1810th101332f4a200a358393ff177e1a1739a025
1810th101332f4a200a358393ff177e1a1739a026
1810th101332f4a200a358393ff177e1a1739a027
1810th101332f4a200a358393ff177e1a1739a028
1810th101332f4a200a358393ff177e1a1739a029
1810th101332f4a200a358393ff177e1a1739a030
1810th101332f4a200a358393ff177e1a1739a031
1810th101332f4a200a358393ff177e1a1739a032
1810th101332f4a200a358393ff177e1a1739a033
1810th101332f4a200a358393ff177e1a1739a034
1810th101332f4a200a358393ff177e1a1739a035
1810th101332f4a200a358393ff177e1a1739a036
1810th101332f4a200a358393ff177e1a1739a037
1810th101332f4a200a358393ff177e1a1739a038
1810th101332f4a200a358393ff177e1a1739a039
1810th101332f4a200a358393ff177e1a1739a040
1810th101332f4a200a358393ff177e1a1739a041
1810th101332f4a200a358393ff177e1a1739a042
1810th101332f4a200a358393ff177e1a1739a043
1810th101332f4a200a358393ff177e1a1739a044
1810th101332f4a200a358393ff177e1a1739a045
1810th101332f4a200a358393ff177e1a1739a046
1810th101332f4a200a358393ff177e1a1739a047
1810th101332f4a200a358393ff177e1a1739a048
1810th101332f4a200a358393ff177e1a1739a049
1810th101332f4a200a358393ff177e1a1739a050
1810th101332f4a200a358393ff177e1a1739a051
1810th101332f4a200a358393ff177e1a1739a052
1810th101332f4a200a358393ff177e1a1739a053
1810th101332f4a200a358393ff177e1a1739a054
1810th101332f4a200a358393ff177e1a1739a055
1810th101332f4a200a358393ff177e1a1739a056
1810th101332f4a200a358393ff177e1a1739a057
1810th101332f4a200a358393ff177e1a1739a058
1810th101332f4a200a358393ff177e1a1739a059
1810th101332f4a200a358393ff177e1a1739a060
1810th101332f4a200a358393ff177e1a1739a061
1810th101332f4a200a358393ff177e1a1739a062
1810th101332f4a200a358393ff177e1a1739a063
1810th101332f4a200a358393ff177e1a1739a064
1810th101332f4a200a358393ff177e1a1739a065
1810th101332f4a200a358393ff177e1a1739a066
1810th101332f4a200a358393ff177e1a1739a067
1810th101332f4a200a358393ff177e1a1739a068
1810th101332f4a200a358393ff177e1a1739a069
1810th101332f4a200a358393ff177e1a1739a070
1810th101332f4a200a358393ff177e1a1739a071
1810th101332f4a200a358393ff177e1a1739a072
1810th101332f4a200a358393ff177e1a1739a073
1810th101332f4a200a358393ff177e1a1739a074
